34
by ReacNetGenerator
H 27.9572 4.82729 22.5788
H 27.8497 3.00039 22.8695
H 30.0493 3.31426 18.5264
H 29.6262 2.92482 21.4842
H 29.4218 4.66326 20.9547
C 25.5664 1.2369 23.988
O 31.9719 3.62542 19.5281
H 31.1126 3.4062 19.9226
O 27.636 4.54127 16.3313
O 28.1433 8.22796 23.1986
H 25.3813 9.1085 20.2215
O 32.3205 5.21104 24.2842
H 28.0918 7.89539 24.1146
H 32.9758 5.92963 24.4978
H 32.2458 2.77963 19.4099
C 27.0191 9.96225 21.3769
C 27.5924 9.72361 22.7054
O 26.0889 9.78813 20.3147
H 31.3373 5.33359 24.6739
O 26.6107 0.587 23.7505
O 26.7042 0.3499 19.2762
C 26.0203 1.4314 19.6054
C 28.6288 4.39667 17.1387
C 29.2221 3.21907 17.774
H 27.5068 10.9024 21.1372
H 26.8189 9.2254 23.4224
H 28.1167 10.6287 23.1626
C 28.4408 3.87237 22.5477
C 29.1943 3.74386 21.6356
H 25.3325 1.92901 17.9365
H 25.3163 1.95624 20.503
H 28.8536 2.68541 18.7177
O 25.5043 2.51181 18.7337
O 24.5775 1.9614 24.2648
